gen;best;worst;mean;median;variance;std_dev;diversity
1;7;29;19.48599999999999;19.5;10.672476476476481;3.2668756444769183;0.3753041603465052
2;7;29;19.218999999999994;19.0;10.837876876876877;3.2920930844793674;0.37602171137614615
3;7;30;19.306000000000008;19.0;11.121485485485483;3.3348891264156717;0.3778009737177131
4;7;31;19.241000000000014;19.0;11.670589589589596;3.4162244641694133;0.381712074514251
5;7;32;19.131999999999984;19.0;11.87244844844845;3.445641950123148;0.3825935966826581
6;7;31;18.791000000000007;19.0;12.62394294294293;3.5530188492242663;0.3875045448735919
7;7;34;18.84900000000001;19.0;12.909108108108107;3.592924728978901;0.3878962092872053
8;7;30;18.992999999999974;19.0;12.415366366366355;3.5235445741988785;0.3861583998916136
9;7;32;18.730999999999966;19.0;13.059698698698696;3.6138205127951077;0.3891462344168314
10;6;29;18.71400000000002;19.0;13.33153553553553;3.651237534800431;0.39092026420458936
11;6;29;18.857000000000028;19.0;13.109660660660648;3.6207265376800617;0.38984161006752566
12;6;30;18.995999999999974;19.0;12.072056056056043;3.4744864449377326;0.3844684026914007
13;6;31;18.660999999999976;19.0;13.193272272272278;3.6322544338567857;0.3898327355127079
14;6;31;18.65199999999998;19.0;13.314210210210222;3.6488642356506253;0.39094236774079316
15;6;30;18.72400000000003;19.0;14.388212212212208;3.7931796967995344;0.3969708811357209
16;6;30;18.69399999999999;19.0;14.538902902902912;3.8129913326550997;0.397598679011917
17;6;29;18.510999999999978;18.0;14.962841841841845;3.8681832740760673;0.3989996910872705
18;5;29;18.389999999999976;18.0;14.290190190190184;3.780236790227589;0.3953846473406261
19;5;31;18.35000000000002;18.0;13.78528528528529;3.712854061942819;0.3931562018642841
20;5;31;18.269;18.0;16.354993993994015;4.044130808219983;0.4039385695819037
21;5;31;18.31200000000002;18.0;16.74540140140141;4.092114539135165;0.40777285340677866
22;5;30;18.429999999999996;18.0;17.372472472472456;4.1680298070518225;0.40928040161546597
23;5;30;18.29999999999999;18.0;15.823823823823819;3.977917020731305;0.40263853939815836
24;5;29;18.510999999999992;19.0;17.263142142142126;4.154893758225609;0.40869016346315706
25;5;30;18.536999999999978;18.0;17.48411511511513;4.181401094742662;0.4096285376126707
26;5;29;18.23499999999999;18.0;17.168943943943933;4.143542439018084;0.4087924263827601
27;5;30;18.223000000000013;18.0;18.569840840840833;4.30927381827157;0.4125567025450492
28;5;30;18.016999999999996;18.0;17.72243343343344;4.20980206582607;0.4100683859573049
29;5;33;18.329999999999984;18.0;19.712812812812828;4.439911351909273;0.4181886107536792
30;5;31;18.54300000000003;18.0;19.40956056056055;4.405628282159146;0.41579997362906607
31;5;32;18.590999999999998;18.0;18.718437437437448;4.326480953088486;0.4143373776826694
32;5;33;18.332999999999984;18.0;19.40151251251252;4.404714804900826;0.4168054688555706
33;5;31;18.452000000000005;18.0;20.52221821821823;4.530145496363029;0.42042464326928014
34;5;34;18.81999999999998;19.0;22.92852852852852;4.78837430956776;0.4279498541637747
35;5;32;18.405999999999974;18.0;21.086250250250238;4.591976725795791;0.42159438674784855
36;5;32;18.68199999999997;18.0;22.625501501501518;4.756627113985447;0.4279159926444826
37;5;33;18.277999999999977;18.0;21.31403003003002;4.616712036723757;0.4202342747622523
38;5;33;18.45599999999999;18.0;22.272336336336334;4.719357619034219;0.42635696473723
39;5;31;18.286000000000016;18.0;21.731935935935937;4.66175245330937;0.4241887160126465
40;5;31;18.228;18.0;21.19120720720721;4.603390837980978;0.4212922405576381
41;5;32;18.222;18.0;20.55927527527529;4.534233703204467;0.41953374765928564
42;5;32;18.33600000000001;18.0;21.312416416416408;4.616537275536331;0.4233170052463544
43;5;34;18.227000000000004;18.0;21.03450550550551;4.586339009003315;0.41967916411714856
44;5;31;18.672000000000004;19.0;21.10552152152154;4.594074609921082;0.4233425476936781
45;5;33;18.607000000000003;18.0;20.831382382382404;4.564140924903875;0.42135813442542347
46;5;33;18.407000000000025;18.0;20.615966966966944;4.54048091802696;0.421579284397396
47;5;32;18.376;18.0;20.483107107107102;4.52582667665335;0.4205738523024065
48;5;32;18.588999999999995;18.0;20.734813813813815;4.553549583985423;0.4216891173576369
49;5;32;18.17299999999997;18.0;18.70377477477477;4.324786095840437;0.41390136118182286
50;5;32;18.347999999999974;18.0;20.94784384384385;4.576881453986311;0.4211318897669587
51;5;31;18.50499999999999;18.0;21.101076076076094;4.593590760622467;0.4210294352024767
52;4;32;18.330000000000016;18.0;20.78388388388387;4.558934511909978;0.4216265913352931
53;4;31;18.73699999999998;19.0;18.236067067067065;4.270370834841755;0.4126795234112311
54;4;30;18.064999999999987;18.0;17.794569569569564;4.218361005126228;0.409943653656822
55;4;32;17.971000000000018;18.0;18.730889889889898;4.327919810935723;0.41360429536417487
56;4;32;18.239999999999988;18.0;20.4868868868869;4.526244236327388;0.4209333100179341
57;4;31;17.925000000000026;18.0;18.543918918918912;4.306265077641982;0.41284263645467983
58;4;32;18.347999999999985;18.0;19.57847447447447;4.424756996093059;0.4169700667367446
59;4;33;18.207000000000004;18.0;22.790941941941938;4.773985959545958;0.42631813347475966
60;4;33;18.063000000000006;18.0;21.646677677677687;4.652599023951848;0.42214107159952957
61;4;31;18.415000000000017;18.0;21.93470970970972;4.6834506199713175;0.4239298377847517
62;4;33;18.290999999999997;18.0;22.068387387387393;4.697700223235556;0.4261990939059488
63;4;31;17.729999999999983;17.0;21.66676676676676;4.65475743371948;0.4240953050193885
64;4;31;17.991999999999987;18.0;23.49943543543542;4.847621626677913;0.4281747684753344
65;4;31;17.526000000000007;17.0;21.31463863863866;4.616777949895215;0.422362796678429
66;4;32;17.849999999999977;17.5;22.846346346346323;4.779785177844954;0.4273257770188474
67;4;32;18.045;18.0;23.99697197197198;4.898670429001321;0.43117126612444107
68;4;30;17.856999999999974;17.0;23.5561071071071;4.853463413595192;0.4299241115571868
69;4;32;17.826999999999984;18.0;22.29937037037039;4.7222209150325005;0.42648217674221117
70;4;32;18.140999999999988;18.0;23.376495495495483;4.8349245594420065;0.430468230012082
71;4;33;18.189999999999976;18.0;24.2881881881882;4.928304798628855;0.4321363329583627
72;4;31;18.12700000000002;18.0;22.579450450450437;4.751783922954666;0.42683065115813407
73;4;32;18.137;18.0;22.973204204204194;4.793037054332482;0.4278558338720071
74;4;33;17.599000000000007;17.0;21.667866866866852;4.6548756016532655;0.4239025045891053
75;4;31;17.83399999999999;18.0;20.82526926926926;4.563471186418214;0.4226961349566568
76;4;34;18.08100000000003;18.0;24.252691691691684;4.924702193198253;0.4318535398105122
77;4;32;17.86900000000003;18.0;22.990829829829824;4.794875371668154;0.428078778454629
78;4;31;18.064000000000036;18.0;23.691595595595622;4.867401318526717;0.4296880940272083
79;4;32;18.093;18.0;24.128479479479484;4.912074865011677;0.43138467610403686
80;4;32;17.779;17.0;21.992151151151162;4.68957899508593;0.4223663328676624
81;4;32;17.989000000000026;18.0;21.63451351351351;4.65129159626802;0.4242391109402745
82;4;31;17.973000000000003;18.0;22.206477477477467;4.712374929637652;0.4246344691692653
83;4;31;18.09600000000001;18.0;21.276060060060054;4.61259797294974;0.4218030342319308
84;4;34;18.488999999999987;18.0;22.264143143143162;4.718489498043114;0.4260106657482023
85;4;30;18.014000000000003;18.0;22.282086086086085;4.7203904590707415;0.4264304345605363
86;4;32;17.933000000000007;18.0;23.1796906906907;4.814529124503319;0.4302815078319801
87;4;31;17.982999999999965;18.0;23.08179279279279;4.804351443513764;0.429151197134482
88;2;31;17.871;17.0;23.818177177177198;4.8803869905138875;0.42957106550866575
89;2;32;17.918000000000013;18.0;25.340616616616607;5.033946425680016;0.434846202079478
90;2;32;17.774;17.0;23.832756756756766;4.881880452935811;0.43067622973470226
91;2;31;18.099999999999962;18.0;24.486486486486488;4.948382209014022;0.43257768032727534
92;2;33;18.172999999999995;18.0;24.994065065065083;4.999406471278874;0.43533338159484714
93;2;32;17.982000000000014;18.0;25.026702702702703;5.002669557616484;0.433000947256183
94;2;33;17.987;18.0;23.79462562562564;4.877973516289899;0.429806622568317
95;2;33;17.831999999999987;17.0;24.107883883883883;4.909977992199546;0.43108552670919725
96;2;31;17.43199999999999;17.0;24.786162162162164;4.978570292981928;0.4331776124797086
97;2;32;18.093000000000014;18.0;26.182533533533523;5.116887094077172;0.43799111256546364
98;2;31;17.91500000000001;18.0;23.459234234234216;4.84347336466654;0.42973994322974113
99;2;31;18.051000000000013;18.0;24.542941941941947;4.954083360415118;0.4321884004326966
100;2;31;17.934999999999995;18.0;22.793568568568535;4.7742610494786035;0.4280921090843672
101;2;31;18.11800000000004;18.0;25.2192952952953;5.021881648873786;0.43589853636651354
102;2;32;18.160999999999994;18.0;24.021100100100078;4.901132532394944;0.4312458829185941
103;2;32;18.199000000000012;18.0;26.680079079079075;5.165276282937736;0.4394782989612857
104;2;32;17.799000000000003;18.0;24.833432432432456;4.983315405674465;0.4338291569208815
105;2;33;18.052999999999983;18.0;24.03022122122123;4.9020629556566515;0.43204236986524985
106;2;33;18.033999999999992;17.0;26.595439439439442;5.157076636956197;0.4368943452290894
107;2;32;17.87000000000002;17.0;25.15625625625623;5.015601285614341;0.4353013288006391
108;2;32;18.336000000000002;18.0;26.32142542542543;5.130441055642822;0.4383936324376776
109;2;34;18.24699999999996;18.0;24.914905905905897;4.991483337236127;0.4352152422888521
110;2;31;18.002000000000006;18.0;23.539535535535528;4.8517559229144585;0.43087756007017647
111;2;31;18.029999999999987;18.0;26.10920920920917;5.109717135929265;0.4353718043617745
112;2;31;17.846999999999994;18.0;24.079670670670666;4.907104102285855;0.43104751108776806
113;2;30;17.858999999999998;18.0;25.720839839839808;5.071571732691928;0.43590826377134534
114;2;32;17.79199999999999;17.0;26.20293893893893;5.118880633394271;0.4372181240739433
115;2;31;17.85500000000001;18.0;27.26323823823822;5.221421093748159;0.43796579644392375
116;2;32;18.12100000000003;18.0;25.798157157157164;5.0791886317754695;0.43577029012223545
117;2;33;17.340000000000014;17.0;24.613013013013003;4.96115037194127;0.43204386055011795
118;2;33;18.23399999999999;18.0;25.400644644644643;5.039905221791838;0.43593575188250566
119;2;32;18.325;18.0;24.053428428428425;4.904429470226728;0.43085726363202315
120;2;31;18.105999999999995;18.0;23.872636636636678;4.8859632250597915;0.430253002635512
121;2;33;18.219999999999953;18.0;24.26386386386385;4.925836361864231;0.43157897769766057
122;2;33;17.868000000000027;18.0;23.83040640640643;4.881639725174978;0.43204193340428604
123;2;35;17.99899999999999;18.0;25.358357357357363;5.035708227981181;0.43568730445137743
124;2;30;17.805000000000028;18.0;24.385360360360362;4.938153537544206;0.4325183256195956
125;2;31;17.984000000000012;18.0;23.855599599599586;4.884219446298414;0.42924356777658695
126;2;33;18.142999999999976;18.0;25.269820820820833;5.026909669053228;0.4337985156028787
127;2;32;18.086999999999986;18.0;24.449880880880876;4.944682080870405;0.43178418327355556
128;2;32;17.97;18.0;24.465565565565562;4.9462678420770505;0.43376221601294224
129;2;31;18.239999999999988;18.0;23.11951951951953;4.808276148425705;0.4300637290161473
130;2;30;17.941000000000013;18.0;22.59411311311312;4.753326531295017;0.42819181115981375
131;2;31;17.55699999999997;17.0;21.33408508508508;4.618883532314392;0.4228520815085932
132;2;31;18.06199999999998;18.0;23.68984584584583;4.867221573531025;0.43024744435526757
133;2;30;18.023000000000007;18.0;22.68916016016015;4.7633139892474174;0.42808945248845404
134;2;30;17.694999999999986;17.0;22.030005005005;4.6936132142524265;0.42628628419456216
135;2;33;17.99799999999997;18.0;23.227223223223234;4.819462960042668;0.42968062927800255
136;2;31;18.042999999999996;18.0;23.292443443443435;4.826224553773212;0.4297784125051558
137;2;30;18.02899999999998;18.0;24.54270170170171;4.95405911366646;0.43211639818705383
138;2;34;18.157999999999994;18.0;22.719755755755752;4.766524494404257;0.4273814081071992
139;2;31;18.136999999999983;18.0;23.952183183183166;4.894096768882197;0.4314739484546584
140;2;35;18.140999999999984;18.0;23.866985985985952;4.885384937339733;0.4315482630777413
141;2;34;17.828;18.0;24.07048648648649;4.906168208132136;0.43317030214857516
142;2;32;17.851000000000013;18.0;23.32212112112113;4.829298201718458;0.4301950804141103
143;2;32;17.87900000000002;18.0;25.569928928928928;5.056671724457593;0.43717708814896755
144;2;35;17.930999999999994;18.0;23.80404304304304;4.8789387209764215;0.4311277097065877
145;2;33;17.948999999999952;18.0;27.527926926926913;5.2467062931830775;0.44237947527932825
146;2;33;18.16799999999999;18.0;25.012788788788786;5.0012787153675795;0.4351001500842759
147;2;34;17.841;18.0;24.942661661661646;4.9942628747055;0.43380541696196045
148;2;32;17.843000000000007;18.0;24.709060060060033;4.9708208638071065;0.4333747850473075
149;2;36;17.65399999999999;17.0;23.46174574574574;4.84373262533614;0.43039075512763336
150;2;32;17.923000000000016;17.0;27.90497597597596;5.282516064904674;0.44177137454399357
151;2;33;17.886999999999986;17.0;26.134365365365365;5.112178142960725;0.43689484108254795
152;2;32;17.784999999999986;17.0;28.385160160160172;5.327772532696959;0.44353245791416307
153;2;32;18.018000000000004;17.0;27.579255255255273;5.2515954961568845;0.440315361767622
154;2;33;18.043999999999997;18.0;26.502566566566564;5.148064351439924;0.43846535605151227
155;2;33;17.71899999999999;17.0;25.63767667667669;5.0633661408865835;0.435765862397926
156;2;34;18.052;18.0;27.943239239239233;5.286136513488772;0.44247364046807175
157;2;34;17.891000000000016;18.0;27.12824724724724;5.208478400382135;0.43919942573498777
158;2;33;18.38000000000001;18.0;27.020620620620644;5.198136264145126;0.4393037770167626
159;2;32;17.98500000000002;18.0;26.75753253253251;5.17276836254365;0.437267496254537
160;2;33;18.447000000000006;18.0;26.351542542542543;5.133375355703355;0.437521015032009
161;2;33;17.76999999999998;17.5;24.77587587587588;4.9775371295326245;0.43328788698535
162;2;35;17.98200000000001;17.0;26.161837837837826;5.114864400728315;0.4355102535588409
163;2;32;18.188000000000013;18.0;23.56822422422424;4.854711549023715;0.4304749297575682
164;2;32;17.67199999999999;17.0;25.05346946946946;5.005344091016067;0.4355514191952914
165;2;33;17.960999999999974;17.0;23.973452452452463;4.896269238149845;0.4305536630463826
166;2;32;17.69199999999997;18.0;25.19232832832833;5.019195984251694;0.4360519974981666
167;2;31;18.18799999999999;18.0;24.7494054054054;4.97487742616895;0.4332683468434837
168;2;32;18.146999999999988;18.0;24.129520520520515;4.912180831414955;0.43102972955794977
169;2;31;18.261999999999986;18.0;25.352708708708693;5.035147337338669;0.43338350603379255
170;2;33;17.87700000000001;18.0;24.19206306306306;4.918542778411413;0.4337477135901369
171;2;31;17.82999999999999;17.0;24.187287287287297;4.918057267589235;0.43171849185897165
172;2;32;18.146000000000033;18.0;24.587271271271266;4.958555361319592;0.4325469768834935
173;2;31;17.689999999999994;17.0;22.23413413413414;4.715308487695597;0.4248591261494886
174;2;33;17.680000000000003;17.0;23.643243243243212;4.862431824020077;0.4301617527049395
175;2;33;17.864000000000015;18.0;25.891395395395396;5.088358811581137;0.4364617134492514
176;2;30;17.688999999999982;17.0;24.140419419419423;4.913290080935526;0.430953894650828
177;2;32;18.167999999999985;18.0;24.858634634634626;4.985843422595081;0.43368393719613363
178;2;31;17.871000000000006;18.0;23.7481071071071;4.8732029618216295;0.4305598041989054
179;2;31;17.83900000000003;18.0;24.247326326326323;4.924157422983786;0.4324643944766975
180;2;32;17.779999999999998;17.0;26.22182182182184;5.1207247359940995;0.43609251404689003
181;2;31;17.942999999999998;18.0;24.304055055055045;4.929914305041726;0.43259961306590683
182;2;31;18.103999999999996;18.0;24.657841841841833;4.965666303915501;0.4346534652795971
183;2;32;17.997999999999983;17.5;25.343339339339355;5.0342168546199275;0.4345208230253997
184;2;32;18.211999999999993;18.0;24.443499499499527;4.944036761544106;0.43250506078034756
185;2;31;17.95500000000001;18.0;24.527502502502504;4.9525248613714705;0.43186866446563543
186;2;33;17.685000000000002;17.0;23.837612612612617;4.882377762178242;0.4319575370000859
187;2;31;18.06199999999999;18.0;22.71086686686687;4.765591974442091;0.4271216989797352
188;2;32;17.701999999999998;17.0;24.779975975975987;4.977948972817619;0.434771584261219
189;2;32;17.986000000000015;18.0;26.48428828828826;5.146288787882804;0.43795150967460056
190;2;32;17.684999999999995;17.0;25.627402402402385;5.062351469663321;0.4358103372404728
191;2;33;17.860999999999976;17.0;27.519198198198225;5.245874397867168;0.43960992871255256
192;2;33;17.861999999999973;18.0;27.85080680680678;5.2773863613352;0.442384555304692
193;2;35;17.965000000000007;17.0;28.76654154154155;5.363444932274549;0.4414005582211452
194;2;32;17.81400000000001;17.0;24.575979979979987;4.957416663947059;0.4313610230296781
195;2;32;17.93800000000001;18.0;24.22638238238237;4.922030310997929;0.43213181940666223
196;2;31;18.192000000000007;18.0;23.74287887887886;4.872666506018944;0.43115276218902865
197;2;32;17.691;17.0;24.718237237237226;4.971743882908413;0.4328707536829863
198;2;35;18.20999999999999;18.0;25.16306306306308;5.016279803107387;0.43475045014993796
199;2;31;18.045999999999985;18.0;24.678562562562583;4.967752264612496;0.433228822738739
200;2;32;18.351999999999997;18.0;23.269365365365346;4.823833057368937;0.42871310280737773
201;2;33;17.843999999999994;17.0;24.29195595595597;4.9286870417948;0.4319014553798838
202;2;32;17.827000000000027;17.0;23.24031131131132;4.820820605593131;0.4276126912168445
203;2;31;17.921000000000017;18.0;22.999758758758748;4.795806372108736;0.42946678329444604
204;2;34;17.714999999999996;18.0;24.290065065065054;4.928495213050841;0.43385846359070346
205;2;33;18.065;18.0;23.73450950950949;4.87180762238304;0.43093256088779053
206;2;32;18.127000000000002;18.0;23.06393493493492;4.802492575208724;0.4281537217582427
207;2;32;18.20399999999996;18.0;23.962346346346322;4.895134967122594;0.43242033437063127
208;2;33;17.938000000000002;18.0;23.81997597597596;4.8805712755758375;0.43189856838901425
209;2;32;18.10699999999999;18.0;24.528079079079085;4.952583071396085;0.4318359419090209
210;2;32;18.231000000000005;18.0;22.470109109109114;4.740264666567587;0.42737155298807783
211;2;35;17.857000000000003;18.0;23.095646646646657;4.805793029942786;0.42975137837097216
212;2;32;17.803000000000015;17.0;23.391582582582583;4.8364845272762516;0.4292699877950374
213;2;32;17.855000000000004;18.0;23.131106106106117;4.809480856194992;0.43040407305115225
214;2;36;18.153000000000002;18.0;24.454045045045074;4.945103137958305;0.4318251360471153
215;2;33;18.181999999999977;18.0;23.986862862862875;4.897638498589179;0.43131815544577146
216;2;34;18.10700000000001;18.0;22.07162262262262;4.69804455306914;0.4255395793092306
217;2;32;18.239999999999988;18.0;22.679079079079077;4.762255671326255;0.42722966733340295
218;2;31;18.070000000000007;18.0;21.71081081081082;4.659486110163955;0.42497081249363244
219;2;34;17.942999999999973;18.0;24.284035035035032;4.92788342344206;0.43260037214440195
220;2;34;18.241999999999997;18.0;24.99443043043042;4.999443012019481;0.43345802700792985
221;2;32;18.181000000000047;18.0;23.577816816816796;4.855699415822277;0.4288723570428954
222;2;33;18.044;18.0;23.91397797797798;4.890192018518085;0.4316296719184958
223;2;33;17.87000000000001;18.0;24.16926926926927;4.916225103600248;0.4318771917184987
224;2;33;17.97900000000001;18.0;22.156715715715723;4.707092065778586;0.42578727898479096
225;2;32;18.442999999999994;18.0;23.76251351351352;4.874680862734865;0.4291960810731614
226;2;32;18.076999999999973;18.0;22.66373473473475;4.760644361295512;0.4275875185792756
227;2;35;18.18500000000002;18.0;23.89867367367367;4.888626972236036;0.4319344147810621
228;2;32;18.43499999999999;18.0;23.67344844844845;4.865536809895538;0.4312859974043432
229;2;33;17.753999999999987;18.0;21.55503903903903;4.642740466474411;0.4238321513258566
230;2;33;17.760000000000005;18.0;25.041441441441453;5.0041424281730285;0.4328479369396582
231;2;32;17.69400000000002;17.0;25.706070070070066;5.070115390212541;0.4366905224352955
232;2;32;17.383000000000006;17.0;25.724035035035048;5.071886733261603;0.43555514857542876
233;2;32;17.59499999999998;17.0;25.526501501501475;5.0523758274203505;0.43525850071299904
234;2;34;17.902999999999988;18.0;25.52111211211211;5.051842447277242;0.4347092522858115
235;2;31;18.073000000000036;18.0;24.934605605605597;4.993456278531494;0.4325332409933227
236;2;33;17.731999999999992;18.0;25.811987987987994;5.080549969047445;0.43648971512449125
237;2;33;17.89300000000001;18.0;25.338889889889895;5.033774914504014;0.43527660840206833
238;2;32;17.863999999999994;18.0;24.896400400400402;4.989629284866803;0.4346292367423855
239;2;33;17.967999999999993;18.0;24.69767367367365;4.969675409287174;0.43275443139223607
240;2;30;17.685000000000006;17.0;23.497272272272287;4.847398505618481;0.42882327873744996
241;2;34;17.619999999999997;18.0;25.951551551551546;5.094266537152483;0.43697035142514334
242;2;34;17.850999999999974;18.0;26.100899899899897;5.108903982254892;0.43723630088818705
243;2;33;17.647000000000023;18.0;23.043434434434456;4.800357740255872;0.4283252477008997
244;2;30;17.774000000000008;18.0;24.957881881881868;4.99578641275644;0.4338657058492096
245;2;32;17.558;17.0;24.79543143143142;4.979501122746276;0.4337901241487092
246;2;30;17.92899999999999;18.0;25.62758658658661;5.0623696611949045;0.4373009338287105
247;2;31;17.997999999999998;18.0;24.69469069069069;4.96937528173217;0.43275555414065836
248;2;36;17.963;18.0;23.85148248248247;4.883797956763002;0.43105938561796425
249;2;33;17.82299999999997;17.0;24.46413513513513;4.946123243019237;0.4328800182759438
250;2;31;18.04499999999998;18.0;25.05803303303303;5.005799939373629;0.43258429471574655
251;2;32;17.96300000000001;18.0;25.318949949949953;5.031793909725432;0.4360163009291993
252;2;31;17.671;17.0;26.16692592592595;5.11536175904754;0.4341278887226287
253;2;34;17.71599999999998;17.0;27.476820820820823;5.241833726933812;0.43943905453412474
254;2;37;18.318000000000033;18.0;27.87675275275274;5.279844008373045;0.44007400177776074
255;2;33;17.912000000000013;18.0;24.62287887887885;4.962144584640682;0.432772081948223
256;2;32;17.421999999999997;17.0;25.519435435435415;5.051676497504112;0.43389246573859963
257;2;33;18.08400000000002;18.0;25.716660660660676;5.071159695834935;0.4378726117927619
258;2;34;18.151000000000014;18.0;25.944143143143137;5.093539353253603;0.43522069192046714
259;2;33;18.108999999999995;18.0;25.528647647647634;5.052588212752711;0.4354048669541256
260;2;32;17.95500000000001;18.0;24.855830830830822;4.985562238186464;0.4334468376479916
261;2;31;18.027000000000008;18.0;25.88215315315314;5.087450555352174;0.43709154349751195
262;2;32;18.282999999999987;18.0;26.629540540540567;5.16038182119701;0.43792345803989735
263;2;32;18.041000000000004;18.0;26.533852852852853;5.151102100798707;0.43846978088772703
264;2;32;18.215999999999983;18.0;25.394738738738734;5.039319273348211;0.43393796319080596
265;2;32;18.03800000000002;18.0;23.868424424424422;4.88553215365782;0.4305294411347513
266;2;34;18.029999999999998;18.0;25.47657657657656;5.047432671822039;0.43428839478374526
267;2;32;17.973;18.0;23.9342052052052;4.892259723809152;0.4305204819987008
268;2;33;18.127;18.0;23.408279279279277;4.838210338470133;0.43019688489614166
269;2;32;18.219000000000012;18.0;25.03207107107106;5.003206079212714;0.433503400630421
270;2;31;17.857000000000028;18.0;25.464015015015022;5.0461881668260276;0.4345840165089926
271;2;33;17.93500000000002;18.0;22.439214214214193;4.737004772450012;0.42613301593004205
272;2;31;18.399999999999988;18.0;25.20520520520522;5.020478583283193;0.4344214866354817
273;2;33;18.391;18.0;23.327446446446448;4.829849526273717;0.4291987697665892
274;2;32;18.249;18.0;23.950949949949962;4.8939707753469435;0.4327364646538397
275;2;32;17.898000000000025;18.0;23.589185185185176;4.8568698958470335;0.43139702763632165
276;2;30;17.790000000000013;18.0;23.15905905905904;4.812386004785884;0.4294041229467995
277;2;31;18.110999999999997;18.0;21.336015015015022;4.6190924449522575;0.423187341781677
278;2;32;18.117000000000022;18.0;22.43975075075077;4.737061404578873;0.4275677304636121
279;2;31;18.250000000000014;18.0;23.67117117117118;4.865302783092865;0.43142966704376695
280;2;32;18.19799999999998;18.0;22.433229229229212;4.736373003599823;0.426706014052809
281;2;33;18.22399999999998;18.0;23.877701701701703;4.886481525771043;0.4324498519669671
282;2;31;17.888;18.0;20.786242242242235;4.559193156934923;0.42172220659481163
283;2;30;17.890999999999988;18.0;20.41753653653655;4.518576826450619;0.4196822294729086
284;2;33;17.968999999999983;18.0;22.86890790790789;4.782144697508419;0.4280647556090761
285;2;32;17.905999999999977;18.0;23.250414414414404;4.821868353077924;0.42922477788562646
286;2;32;17.724000000000004;17.0;24.610434434434417;4.960890488050953;0.4323027912156233
287;2;33;17.802999999999983;17.0;25.605796796796795;5.060217070126221;0.4338891975209194
288;2;34;18.023999999999997;18.0;24.227651651651627;4.922159246880542;0.43255052525348175
289;2;32;17.83499999999999;18.0;23.735510510510505;4.871910355344247;0.4299646457683711
290;2;35;18.22400000000002;18.0;23.73355755755758;4.87170992132717;0.4302690392805981
291;2;33;18.397000000000006;18.0;22.483874874874864;4.741716448173052;0.4277002008663184
292;2;31;18.023999999999997;18.0;21.170594594594593;4.601151442258187;0.42309133538612104
293;2;31;18.05199999999998;18.0;22.477773773773784;4.741073061425418;0.42727155564387403
294;2;37;18.164;18.0;23.328432432432418;4.829951597317764;0.4290856939705646
295;2;33;17.67199999999999;17.0;22.719135135135136;4.766459391952808;0.42730611453230727
296;2;32;17.896999999999995;18.0;23.86825925925924;4.885515250130659;0.43079455102953895
297;2;33;18.28800000000001;18.0;22.805861861861864;4.775548331015179;0.42828809187251304
298;2;32;18.19399999999998;18.0;23.037401401401393;4.799729305013085;0.42615360845095684
299;2;33;17.953;18.0;23.50629729729728;4.848329330532042;0.43047303676482385
300;2;31;18.184000000000037;18.0;25.23938338338338;5.023881306657571;0.43360749469346943
301;2;32;18.320000000000004;18.0;23.77337337337335;4.875794640196955;0.4306229612757402
302;2;34;18.014000000000017;18.0;21.921725725725747;4.682064259034229;0.42587376274720434
303;2;33;18.018999999999984;18.0;21.033672672672672;4.586248213155572;0.4214425489926918
304;2;31;18.225999999999985;18.0;21.192116116116125;4.6034895585974915;0.4209578846141762
305;2;32;18.197999999999997;18.0;21.902698698698725;4.680031912145336;0.42345257294993977
306;2;31;18.06700000000001;18.0;21.740251251251244;4.662644233828187;0.424881914367706
307;2;31;18.202999999999967;18.0;20.167958958958963;4.490875077193638;0.42042448998866594
308;2;32;18.095999999999993;18.0;23.167951951951967;4.813309874914762;0.4291269789508263
309;2;36;18.035000000000014;18.0;24.470245245245255;4.946740871042797;0.43259617994660127
310;2;31;18.01999999999999;18.0;23.617217217217238;4.859754851555502;0.4311836705288579
311;2;31;17.969999999999978;18.0;21.630730730730736;4.650884940603318;0.4249805823994075
312;2;32;18.385999999999985;18.0;22.285289289289306;4.720729741182957;0.4274500551734291
313;2;32;18.03699999999999;18.0;22.349980980980977;4.727576649931863;0.4274956764416958
314;2;33;18.170999999999975;18.0;25.066825825825823;5.0066781228501025;0.4353267702885132
315;2;33;18.29299999999999;18.0;24.988139139139136;4.998813773200512;0.43207559139483065
316;2;31;18.072000000000003;18.0;23.26608208208207;4.823492726446477;0.42803984581393434
317;2;32;17.88399999999997;18.0;23.247791791791784;4.821596394534883;0.429028321402452
318;2;32;17.934999999999985;18.0;24.765540540540538;4.97649882352448;0.43268515058400897
319;2;33;17.874999999999993;17.0;24.904279279279287;4.990418747888727;0.43311644944912003
320;2;31;18.06800000000002;18.0;25.05843443443443;5.00584003284508;0.43463705383982404
321;2;33;18.339;18.0;27.009088088088088;5.197026850814616;0.4414054453589024
322;2;35;18.073;18.0;27.080751751751748;5.203916962418957;0.43952433877135705
323;2;33;17.67400000000001;17.0;26.60232632632633;5.157744306024323;0.4365262067953929
324;2;32;17.880999999999997;17.0;26.555394394394373;5.153192640916345;0.436163750403142
325;2;31;17.626000000000012;17.0;26.716840840840835;5.168833605451121;0.4367851449510544
326;2;33;17.62100000000001;17.0;25.96532432432434;5.095618149383285;0.4361909889178527
327;2;32;18.161000000000005;18.0;28.257336336336333;5.315763006035572;0.4434029988329662
328;2;34;17.842000000000034;17.0;26.06309909909907;5.10520313984655;0.43666479951329773
329;2;35;17.868999999999996;18.0;27.81365265265265;5.273865058252121;0.44189061731412327
330;2;33;17.75200000000001;18.0;28.811307307307306;5.367616538772801;0.4441227918795727
331;2;34;18.291000000000004;18.0;29.5778968968969;5.438556508568878;0.44568598993264635
332;2;32;18.346999999999994;18.0;27.550141141141154;5.24882283384962;0.44045763877176236
333;2;33;17.863;18.0;25.003234234234238;5.000323412963829;0.4330884179083318
334;2;34;18.313999999999986;18.0;27.394798798798796;5.23400408853478;0.43960977021203806
335;2;30;17.81199999999999;18.0;22.993649649649658;4.795169407815501;0.4294871679114004
336;2;31;17.709000000000007;17.0;22.795114114114128;4.774422909013626;0.42811038098275184
337;2;31;18.094000000000012;18.0;25.28444844844844;5.028364390977293;0.43366570353894945
338;2;30;17.72200000000002;17.0;24.623339339339335;4.962190981747814;0.4326067828414908
339;2;32;17.789999999999992;18.0;26.154054054054054;5.114103445771708;0.4374279948713576
340;2;31;18.009999999999998;18.0;25.58948948948949;5.058605488619318;0.4360823737915287
341;2;31;17.78600000000001;17.0;26.368572572572578;5.135033843371685;0.4389152797864617
342;2;34;17.603999999999974;17.0;26.811995995995982;5.17803012698806;0.4398794469121514
343;2;32;17.809999999999985;18.0;25.8337337337337;5.082689616112093;0.4359486280102553
344;2;34;17.839;18.0;27.106185185185208;5.206360070642945;0.43949348363298507
345;2;32;17.773000000000003;17.0;26.806277277277292;5.177477887666667;0.4391029906330672
346;2;32;17.568999999999996;17.0;25.997236236236247;5.098748497056532;0.4372089957940488
347;2;34;17.784;18.0;28.39173573573574;5.328389600595638;0.4417968887806509
348;2;32;17.537999999999993;17.0;25.814370370370362;5.0807844247094724;0.4350933450365889
349;2;32;17.935;18.0;24.36113613613614;4.935700166758121;0.4318788484587364
350;2;34;17.77100000000001;18.0;23.948507507507504;4.893721233121836;0.43258537395885976
351;2;34;17.517;17.0;25.27898998998997;5.027821594884804;0.4346933882980543
352;2;34;17.464;17.0;26.47918318318319;5.14579276527759;0.43707573672683564
353;2;34;17.91199999999999;18.0;27.60586186186186;5.254128078174519;0.43981132221758795
354;2;32;17.63200000000002;17.0;27.117693693693685;5.207465188908485;0.4387121009126923
355;2;32;17.836999999999982;18.0;26.562993993994002;5.1539299562561;0.43889088363565437
356;2;32;17.644000000000013;17.0;26.850114114114117;5.1817095744661446;0.43929520888267465
357;2;32;18.08999999999999;18.0;25.433333333333344;5.043147165543887;0.43731462302089497
358;2;34;17.909000000000002;18.0;25.972691691691686;5.096341010145582;0.4362808298182917
359;2;32;17.70099999999999;18.0;25.06065965965963;5.006062290828954;0.4344472170362647
360;2;31;17.833000000000013;18.0;23.560671671671667;4.853933628684231;0.4302280644452107
361;2;31;18.071999999999996;18.0;23.75657257257258;4.8740714574750115;0.43146855237932324
362;2;32;17.740999999999982;18.0;24.86878778778777;4.9868615168047095;0.4343575450015423
363;2;34;18.21999999999999;18.0;25.587187187187205;5.058377920557855;0.4361860668559944
364;2;32;18.152999999999977;18.0;24.97856956956957;4.997856497496659;0.434188432520269
365;2;32;17.837000000000018;17.0;22.947378378378396;4.79034219846332;0.42649398287402435
366;2;32;17.830000000000002;18.0;22.942042042042026;4.789785177024333;0.4286999408765354
367;2;32;17.87999999999999;18.0;23.983583583583584;4.897303705467284;0.43087306959718225
368;2;32;17.73800000000001;17.0;24.185541541541546;4.917879781119252;0.429895160217311
369;2;32;18.026999999999987;18.0;23.723994994994996;4.870728384440565;0.4300361911936373
370;2;32;17.84900000000001;18.0;23.425624624624607;4.84000254386551;0.42830265679125945
371;2;33;18.049000000000007;18.0;24.643242242242227;4.964196031810411;0.4335384902361552
372;2;31;17.90999999999999;18.0;22.864764764764736;4.781711489076347;0.42805106404197385
373;2;31;17.922999999999973;18.0;23.15822922922922;4.812299785885042;0.4289105693282991
374;2;31;17.581000000000003;17.0;21.444883883883882;4.630862110221366;0.4234408688262773
375;2;31;17.925999999999988;18.0;22.491015015015037;4.742469295105139;0.42694499178057127
376;2;32;18.07199999999999;18.0;24.293109109109107;4.9288040242141005;0.43124429398551517
377;2;33;17.963999999999984;18.0;22.65736136136137;4.759974932850106;0.4265555944733721
378;2;32;17.850000000000016;18.0;23.152652652652648;4.811720342315485;0.42962614004339456
379;2;33;18.018999999999984;18.0;24.23887787787786;4.923299490979384;0.43183074488860834
380;2;31;18.027;18.0;22.16843943943944;4.708337226605528;0.42475684210130044
381;2;32;17.83400000000001;17.0;23.56200600600602;4.8540710755000305;0.4284153413814681
382;2;36;17.912000000000017;18.0;23.647903903903906;4.862911052435969;0.42909887179890216
383;2;33;18.656000000000017;18.0;24.540204204204183;4.953807041478724;0.4326237577015502
384;2;32;18.574000000000005;18.0;23.694218218218232;4.867670717932575;0.4288869766311956
385;2;32;18.094000000000005;18.0;21.845009009008997;4.673864461985285;0.4260500710868548
386;2;33;18.147000000000013;18.0;22.896287287287272;4.7850065085940345;0.42914507723542783
387;2;32;18.17700000000002;18.0;21.851522522522526;4.6745612117633595;0.4247448803343606
388;2;31;18.090999999999998;18.0;21.92464364364366;4.682375854589597;0.4251542303553074
389;2;34;18.03700000000002;18.0;22.45608708708707;4.738785402092721;0.42545550260522574
390;2;31;17.907999999999976;18.0;21.88942542542543;4.6786136221561865;0.424497459752955
391;2;32;17.987000000000005;18.0;23.55438538538539;4.853286039930615;0.42946700281596734
392;2;32;17.95000000000001;18.0;23.549049049049064;4.852736243507271;0.4312783870430164
393;2;32;17.85899999999998;18.0;22.16328228228226;4.707789532496356;0.4272839409085333
394;2;35;17.849999999999998;18.0;25.66116116116113;5.065684668547888;0.43633045244125107
395;2;31;17.915000000000035;18.0;25.725500500500505;5.072031200663153;0.43512942214621225
396;2;32;17.911999999999985;18.0;24.12838438438439;4.912065185274356;0.4307764303701341
397;2;31;17.84600000000003;17.0;23.734018018018045;4.871757179706111;0.4293607262100471
398;2;34;17.66199999999997;17.0;23.68143743743742;4.866357717784156;0.4299812493373262
399;2;31;17.949;18.0;27.579978978978954;5.251664400833221;0.44044560544594824
400;2;34;18.081000000000003;18.0;27.44388288288291;5.2386909512666335;0.4393555383147203
401;2;33;17.80100000000001;17.0;27.755154154154148;5.268316064375234;0.43923325403719765
402;2;35;17.473000000000006;17.0;27.93120220220222;5.2849978431596565;0.44030746744539145
403;2;33;17.804999999999982;18.0;29.736711711711717;5.4531377858726175;0.44459344531465117
404;2;33;18.099000000000025;18.0;28.96616516516516;5.382022404743886;0.44383022991393073
405;2;32;17.753000000000004;17.0;27.82581681681683;5.275018181657465;0.44182264346773525
406;2;34;18.10000000000001;18.0;28.474474474474444;5.336147905978098;0.44259697266656706
407;2;33;18.14399999999999;18.0;26.457721721721704;5.143707001931749;0.4381661965149886
408;2;33;17.62399999999999;17.0;26.294918918918913;5.127857146890786;0.4381573756320741
409;2;34;18.13700000000001;18.0;28.24447547547547;5.31455317740593;0.44359693666644295
410;2;32;17.911000000000016;18.0;27.070149149149124;5.202898149027052;0.43950887518517295
411;2;32;18.256999999999973;18.0;24.845796796796815;4.984555827433054;0.4344435420667209
412;2;32;18.061999999999998;18.0;25.365521521521547;5.036419514051778;0.43659261117166404
413;2;34;18.017000000000017;18.0;24.91562662662661;4.991555531758273;0.4352498097907424
414;2;32;18.200000000000017;18.0;26.372372372372354;5.135403817848442;0.4379542105490176
415;2;32;18.12299999999998;18.0;24.622493493493494;4.96210575194579;0.43354523085703534
416;2;34;18.15499999999998;18.0;24.529504504504494;4.952726976576086;0.4313280060997542
417;2;32;18.171000000000014;18.0;25.951710710710714;5.094282158529375;0.4367977254046929
418;2;33;18.505999999999982;18.0;25.22318718718719;5.022269127315579;0.4365131699363239
419;2;30;18.11900000000001;18.0;23.452291291291285;4.8427565798098176;0.42966323613640794
420;2;32;18.204000000000004;18.0;23.862246246246237;4.884899819468792;0.43108458501952224
421;2;32;18.1;18.0;24.07807807807808;4.9069418254222334;0.4301359699173997
422;2;31;18.137999999999973;18.0;24.46341941941941;4.946050891309087;0.4315872405865994
423;2;34;17.874000000000002;18.0;21.359483483483462;4.621632123339488;0.42347920435254066
424;2;32;18.007000000000012;18.0;22.417368368368383;4.734698339743344;0.42723317839546066
425;2;33;17.840999999999998;18.0;25.29301201201201;5.029215844643378;0.4341854998202603
426;2;31;17.979999999999997;18.0;23.741341341341336;4.87250873178708;0.4301871086239252
427;2;31;17.723999999999997;17.0;24.210034034034027;4.9203692985419325;0.430827679208109
428;2;31;17.992999999999995;18.0;25.734685685685694;5.072936593895659;0.4345823729339899
429;2;31;18.04200000000001;18.0;23.447683683683707;4.842280834863226;0.42907355444683065
430;2;31;18.276999999999983;18.0;25.17744844844843;5.017713468149455;0.43339860425824545
431;2;34;17.904000000000014;18.0;24.01079479479479;4.900081100838515;0.43182337118707337
432;2;33;17.692999999999973;18.0;24.49124224224225;4.948862722105176;0.43296341113831943
433;2;31;17.758999999999983;17.0;25.025944944944957;5.0025938217033925;0.434409170008669
434;2;34;18.056999999999988;18.0;23.26101201201199;4.822967137770274;0.4286747118133419
435;2;32;18.032;18.0;24.533509509509493;4.9531312832903485;0.43426346685712863
436;2;32;17.722000000000012;17.0;26.975691691691694;5.193812827941693;0.44135246786280713
437;2;34;18.103000000000005;18.0;29.449840840840835;5.426770756245452;0.44634961057487826
438;2;31;17.848000000000003;17.0;26.55545145145144;5.153198177001486;0.4367788336561065
439;2;31;17.91199999999998;18.0;26.176432432432446;5.116290886221428;0.4369479326758764
440;2;32;18.02600000000002;18.0;28.005329329329317;5.292006172457598;0.44063995605846995
441;2;32;17.675999999999984;17.0;26.925949949949924;5.189022061039047;0.43828951281438266
442;2;30;17.84000000000002;18.0;24.719119119119114;4.9718325715091325;0.4328611680072799
443;2;34;17.956000000000007;18.0;26.544608608608634;5.152146019728928;0.4361217119992148
444;2;34;17.847000000000012;18.0;25.362953953953934;5.036164607511745;0.43585572492396507
445;2;31;17.942000000000014;18.0;25.183819819819824;5.0183483159123;0.43407549691082975
446;2;33;17.773999999999976;17.0;26.397321321321346;5.137832356288141;0.43616946322915046
447;2;32;17.470999999999982;17.0;25.716875875875875;5.071180915317051;0.43439426547433113
448;2;31;17.758000000000038;17.0;26.073509509509492;5.106222626316786;0.4354656021356909
449;2;32;17.936;18.0;24.76867267267269;4.97681350591648;0.4335135359780299
450;2;34;18.136000000000006;18.0;26.319823823823832;5.1302849651675135;0.43696581099871173
451;2;32;18.064999999999987;18.0;25.65042542542543;5.064624904711644;0.4365598787567261
452;2;32;17.770000000000003;17.0;24.167267267267263;4.9160214876734685;0.4320449321084949
453;2;32;18.10700000000002;18.0;23.631182182182172;4.861191436487784;0.43134753673681314
454;2;32;18.38900000000002;18.0;24.70238138138139;4.970149030097728;0.4328800212096502
455;2;32;18.272000000000006;18.0;24.004020020020018;4.8993897599619505;0.4322233876873663
456;2;33;18.054000000000045;18.0;23.330414414414427;4.830156769134355;0.42987404112856714
457;2;31;17.70600000000001;17.0;23.667231231231256;4.864897864419278;0.431548939959169
458;2;31;17.53599999999998;17.0;23.452156156156164;4.8427426274948955;0.42807175750225823
459;2;32;17.604999999999997;17.0;23.132107107107114;4.809584920459053;0.4281649202303672
460;2;32;17.93600000000001;18.0;26.830734734734744;5.179839257615505;0.43957476478947516
461;2;33;17.697999999999993;17.0;29.258054054054053;5.40907145950708;0.44562117699875187
462;2;34;17.853;17.0;27.78317417417418;5.2709746891987805;0.44101618984242835
463;2;32;17.996;18.0;26.070054054054037;5.105884257800409;0.4386779654577078
464;2;32;17.808999999999994;18.0;27.516035035035035;5.245572898648444;0.44178091084839555
465;2;33;18.33300000000003;18.0;27.996107107107118;5.291134765540103;0.44052169837256544
466;2;35;18.318000000000005;18.0;26.233109109109094;5.121826735561161;0.43697482159467993
467;2;32;17.966000000000015;18.0;24.881725725725722;4.988158550580136;0.4338449855389289
468;2;32;18.017999999999994;18.0;24.88055655655655;4.988041354736;0.43468321881456395
469;2;33;17.929000000000013;18.0;24.50646546546546;4.950400535862271;0.4337343515507416
470;2;32;17.973999999999997;18.0;23.656980980980986;4.863844259531856;0.4301053252220515
471;2;33;17.565;17.0;24.252027027027026;4.924634710009162;0.4317418653241307
472;2;32;17.573999999999995;17.0;26.615139139139153;5.158986251109723;0.43738533818474146
473;2;35;18.12900000000001;18.0;28.294653653653615;5.319271910107023;0.44292046720144884
474;2;31;17.29899999999999;17.0;25.110709709709692;5.011058741394845;0.43314141965968367
475;2;31;17.78399999999999;17.0;26.54388788788788;5.152076075514402;0.43832723394260553
476;2;32;18.040000000000006;18.0;27.990390390390385;5.290594521449398;0.4396145485551616
477;2;34;17.78400000000001;18.0;27.150494494494488;5.2106136389579385;0.43940724813633747
478;2;31;17.80199999999998;18.0;26.927723723723723;5.189192974222844;0.4395484278607916
479;2;36;17.503;17.0;27.5975885885886;5.253340707453553;0.4398068318957653
480;2;34;17.54899999999998;17.0;27.56516416416414;5.25025372378937;0.4401650894277796
481;2;32;17.853999999999985;18.0;26.353037037037023;5.133520920093442;0.436730203090076
482;2;33;17.60700000000001;17.0;24.93748848848848;4.9937449362666175;0.43332566320359095
483;2;31;17.307000000000006;17.0;26.407158158158165;5.1387895615755825;0.4370995741788371
484;2;35;17.783999999999992;17.0;27.81916316316318;5.27438746805382;0.44102527142987424
485;2;34;17.595999999999986;17.0;27.45023423423424;5.2392971126129355;0.44166477596166637
486;2;32;17.59300000000001;17.0;27.218569569569553;5.217141896629759;0.44022213929274845
487;2;31;17.77899999999998;17.0;27.493652652652656;5.243439010101353;0.43926838503081195
488;2;34;17.55299999999998;17.0;28.94413513513516;5.379975384249928;0.4428313565452908
489;2;33;18.15;18.0;27.128628628628615;5.208515011846334;0.43967834297231534
490;2;31;17.82200000000001;18.0;27.435751751751756;5.237914828608018;0.4391413030282027
491;2;31;17.407;17.0;28.147498498498496;5.305421613641888;0.44071543724586126
492;2;32;17.825000000000014;18.0;25.772147147147138;5.076627536775486;0.43526499045884204
493;2;32;18.25000000000001;18.0;27.012512512512505;5.197356300323512;0.44008412382988454
494;2;32;17.706000000000007;17.0;25.795359359359338;5.078913206519613;0.4360265783313422
495;2;31;17.589999999999975;17.0;26.025925925925918;5.101561126353963;0.4364744775128115
496;2;32;17.759000000000007;17.0;25.156075075075087;5.015583223821043;0.4346190076028538
497;2;32;17.789000000000012;17.0;23.90638538538539;4.889415648662465;0.4310010617554101
498;2;32;17.829000000000015;17.0;24.49024924924924;4.948762395715644;0.43186597840793195
499;2;33;17.697999999999997;18.0;23.500296296296302;4.847710417949519;0.4312719111579549
500;2;34;17.75700000000003;17.0;24.644595595595586;4.964332341372361;0.43311308941275667
501;2;33;17.96000000000002;18.0;26.158558558558582;5.114543827024907;0.4374656217227973
502;2;31;17.776;17.0;22.92675075075074;4.788188671173134;0.4278125655902212
503;2;34;17.908000000000033;18.0;25.6531891891892;5.064897747160272;0.43611046536773923
504;2;34;17.755999999999972;18.0;26.03850250250248;5.1027935978738626;0.43738339139072696
505;2;33;17.692;17.0;26.337473473473477;5.1320048200945285;0.43756876699538216
506;2;32;17.786000000000016;17.0;27.701905905905914;5.263260007438918;0.4416711600327393
507;2;33;18.101999999999993;18.0;27.647243243243253;5.25806459101096;0.4391882343761997
508;2;33;17.81900000000001;18.0;27.407646646646647;5.235231288744237;0.440652734082645
509;2;33;17.890000000000015;17.0;25.505405405405416;5.050287655708872;0.43304310639012183
510;2;33;17.82800000000001;17.0;26.875291291291283;5.18413843288268;0.4383996540316373
511;2;33;17.445000000000007;17.0;24.485460460460466;4.948278535052414;0.43166214246689805
512;2;34;17.509000000000015;17.0;25.88180080080082;5.087415925673939;0.4366341374425383
513;2;34;18.413999999999977;18.0;26.787391391391377;5.175653716332979;0.43985607476568755
514;2;34;17.802999999999976;17.0;28.69888988988986;5.3571344849546065;0.44091235003563056
515;2;34;17.907;18.0;26.196547547547542;5.118256299517204;0.4372892912158597
516;2;32;17.98600000000001;18.0;26.62242642642644;5.159692474016881;0.43576272493464246
517;2;35;17.82199999999999;18.0;28.682998998998993;5.355651127453971;0.44355059324702295
518;2;33;17.81699999999999;17.0;27.05256356356356;5.201207894668657;0.439318379689517
519;2;32;17.71499999999999;17.0;25.54331831831831;5.054039801813823;0.43456206496473015
520;2;33;17.990999999999996;18.0;25.406325325325323;5.040468760475093;0.4346590694957771
521;2;31;18.129999999999963;18.0;25.94304304304304;5.093431362357113;0.4366822581925217
522;2;32;18.076000000000004;18.0;26.684908908908923;5.165743790482541;0.43734865665444117
523;2;32;18.164999999999978;18.0;26.600375375375382;5.157555174244419;0.4369239075283104
524;2;33;18.127000000000006;18.0;26.189060060060033;5.1175247981871115;0.43792814995979584
525;2;32;17.996999999999993;18.0;26.32131231231231;5.1304300319088565;0.43597084269579195
526;2;31;17.86100000000001;18.0;25.723402402402417;5.071824366281074;0.43672881043536693
527;2;33;17.862999999999992;17.0;23.579810810810827;4.855904736587284;0.43107307140981443
528;2;32;17.933000000000014;18.0;23.760271271271264;4.874450868689853;0.4312731970555238
529;2;30;18.16800000000002;18.0;25.042818818818834;5.004280049999084;0.4330423278540893
530;2;32;17.966999999999985;18.0;25.821732732732734;5.081508903144098;0.43402318726271694
531;2;32;18.032000000000014;18.0;26.087063063063052;5.107549614351588;0.43724268684676565
532;2;32;17.91;18.0;23.47737737737739;4.845345950226608;0.4305593113746322
533;2;33;17.98399999999998;17.0;26.097841841841824;5.108604686393519;0.43521604042754136
534;2;31;17.904000000000007;18.0;23.44022422422421;4.841510531252019;0.4289039394265972
535;2;32;18.170999999999985;18.0;23.937696696696708;4.8926165491173235;0.4325660560933184
536;2;32;18.213999999999977;18.0;25.761965965965956;5.075624687264215;0.4351659228603034
537;2;31;18.228999999999985;18.0;26.266825825825844;5.125117152400113;0.4372490621858797
538;2;33;18.314000000000004;18.0;24.858262262262258;4.985806079488277;0.43466831309307224
539;2;31;17.840999999999994;17.0;24.436155155155163;4.943293957995535;0.4321530632405302
540;2;32;17.876999999999995;18.0;23.835706706706706;4.88218257613403;0.430152436967413
541;2;31;17.76999999999998;18.0;24.28138138138137;4.92761416725999;0.43078036018491883
542;2;32;17.826999999999995;17.5;24.629700700700695;4.962831923478841;0.43387940407496556
543;2;32;18.07400000000001;18.0;25.698222222222217;5.069341399257128;0.4368343377278792
544;2;33;17.93500000000001;18.0;24.991766766766755;4.999176608879382;0.43465239626844426
545;2;32;17.949000000000034;18.0;26.018417417417446;5.100825170246226;0.43656143272094045
546;2;32;18.071999999999996;18.0;25.388204204204225;5.038670876749564;0.435355114313164
547;2;32;18.361;18.0;25.504183183183173;5.05016664905062;0.43625368616782584
548;2;32;18.10500000000002;18.0;24.672647647647644;4.967156897828741;0.4337998375831756
549;2;32;18.072999999999983;18.0;24.52619719719719;4.952393077815733;0.43346888249923377
550;2;32;17.97800000000001;18.0;23.250766766766755;4.821904889850769;0.42942180749802966
551;2;31;18.052000000000017;18.0;22.457753753753757;4.738961252611563;0.4258356345320859
552;2;32;17.93900000000001;18.0;26.227506506506497;5.121279772332937;0.43816893599296036
553;2;33;17.409000000000013;17.0;25.957676676676687;5.09486767999687;0.4356022417871717
554;2;33;17.940999999999995;18.0;25.661180180180178;5.0656865457882585;0.4362221255766214
555;2;34;17.672000000000004;17.0;26.591007007007036;5.1566468763147855;0.43652534902154727
556;2;32;18.303999999999956;18.0;28.083667667667644;5.299402576486112;0.4400362054702003
557;2;32;17.91300000000001;18.0;24.634065065065066;4.963271609036227;0.43222571214554045
558;2;31;17.891000000000012;18.0;26.525644644644643;5.150305296256198;0.43804554502783893
559;2;32;18.091999999999974;18.0;26.684220220220226;5.165677130853246;0.4393028850805474
560;2;32;17.798999999999996;17.0;24.46506406406404;4.946217146877403;0.43358298902111836
561;2;32;17.88900000000001;18.0;25.79046946946946;5.078431792341949;0.4361677332441988
562;2;34;18.484;18.0;26.95269669669668;5.191598664833086;0.44090941504467956
563;2;33;17.894;18.0;25.448212212212205;5.044622107969259;0.43530205472070727
564;2;33;18.180999999999994;18.0;25.89613513513515;5.088824533734205;0.43640815552478457
565;2;33;17.96099999999999;18.0;23.659138138138125;4.864066008817944;0.43044795702601846
566;2;34;17.993999999999968;18.0;24.832796796796785;4.9832516288861815;0.43463265504992
567;2;33;18.037999999999997;18.0;23.612168168168175;4.859235348094201;0.43012418435549044
568;2;32;18.200000000000003;18.0;26.792792792792792;5.17617549864693;0.44046376444189966
569;2;31;18.014000000000006;18.0;24.230034034034038;4.922401246752853;0.4316309365537766
570;2;32;17.840999999999973;18.0;23.859578578578596;4.884626759393044;0.4308919304965877
571;2;31;18.13399999999999;18.0;25.075119119119105;5.007506277491732;0.43393223936545233
572;2;34;17.859999999999978;17.0;25.696096096096102;5.069131690545838;0.43531645817601045
573;2;31;18.105000000000004;18.0;25.557532532532527;5.055445829255074;0.43398327478551896
574;2;33;17.718000000000007;17.0;23.271747747747742;4.824079989775019;0.42946679312749486
575;2;31;17.253;17.0;24.20920020020019;4.920284564961684;0.4311596656157821
576;2;35;17.864999999999988;18.0;25.480255255255262;5.047797069539866;0.4334012302761715
577;2;33;17.767;17.0;26.170881881881893;5.115748418548541;0.4354375785984622
578;2;32;17.85;18.0;26.34384384384383;5.1326254338149235;0.4377725321566335
579;2;32;17.700999999999997;17.0;26.726325325325334;5.169750992584201;0.4380815825163138
580;2;31;17.31100000000001;17.0;26.718997997998006;5.1690422708658526;0.43785445580204513
581;2;33;17.61199999999998;17.0;28.237693693693704;5.313915100346796;0.4397604989382156
582;2;32;17.947;18.0;28.496687687687704;5.338228890529864;0.4425465966342672
583;2;32;17.880000000000006;18.0;27.216816816816817;5.216973913756596;0.44001333416312
584;2;32;17.79200000000001;18.0;28.481217217217203;5.336779667291615;0.44268316356542076
585;2;33;17.921000000000014;18.0;26.677436436436444;5.1650204681527105;0.43886954831062974
586;2;32;17.638000000000012;17.0;27.47443043043042;5.241605711080377;0.43969277631932807
587;2;32;17.81599999999997;17.0;28.7669109109109;5.363479366130805;0.4439281734391017
588;2;32;17.632999999999992;17.0;27.72803903903903;5.265742021694476;0.4421678364935569
589;2;33;17.522999999999996;17.0;27.537008008008023;5.24757162962146;0.44069991733258485
590;2;32;17.63399999999999;17.0;25.731775775775784;5.07264977854531;0.4366872861039893
591;2;33;17.705000000000005;17.0;27.02299799799801;5.198364935053907;0.4389420830898964
592;2;33;17.890000000000008;18.0;28.326226226226215;5.322238835887226;0.44313275076643455
593;2;35;17.943999999999985;18.0;28.451315315315327;5.333977438583268;0.4423528904191431
594;2;31;18.052999999999994;18.0;28.474665665665622;5.336165820668022;0.4424313586297529
595;2;31;18.299;18.0;27.789388388388375;5.271564131108373;0.4401758352570082
596;2;33;17.816;18.0;24.2644084084084;4.92589163587755;0.43257156592194734
597;2;34;17.715000000000014;17.0;26.88465965965964;5.185041914937587;0.43866151256858843
598;2;31;17.81100000000001;18.0;27.078357357357323;5.203686900396422;0.43991977313033814
599;2;34;18.28699999999999;18.0;28.226857857857876;5.312895430728698;0.44092215019983844
600;2;32;17.473000000000006;17.0;27.250521521521527;5.220203206918437;0.43778872810416347
601;2;33;17.550000000000004;17.0;28.239739739739743;5.314107614617881;0.44246354701726226
602;2;32;17.926000000000016;17.0;28.491015015015027;5.337697538734751;0.44025582502637983
603;2;35;17.96000000000001;18.0;28.67507507507507;5.354911304127742;0.44333688084930156
604;2;32;17.87999999999999;18.0;24.28588588588588;4.928071213556667;0.4321623472611233
605;2;34;18.07499999999999;18.0;25.955330330330337;5.094637409112678;0.4361060828220095
606;2;32;17.96199999999998;18.0;28.340896896896886;5.3236168998996245;0.4426481913139665
607;2;33;17.911000000000005;18.0;27.35643543543543;5.230337984818517;0.44075733196459305
608;2;33;17.875000000000025;18.0;26.972347347347363;5.193490863316057;0.43880154705852925
609;2;32;17.712999999999994;17.0;26.31894994994996;5.130199796299356;0.43658000909164585
610;2;33;17.87099999999999;18.0;28.01837737737736;5.293238836230362;0.440283962605557
611;2;32;18.50999999999999;18.0;26.754654654654676;5.172490179270974;0.43827235730011566
612;2;31;17.854999999999997;17.5;25.401376376376376;5.039977815067878;0.43274888533720834
613;2;33;17.936999999999998;18.0;27.246277277277283;5.219796670108644;0.4384976104878647
614;2;34;18.176000000000005;18.0;25.22224624624626;5.0221754495682704;0.4331887116015687
615;2;34;18.262999999999973;18.0;26.97480580580578;5.19372754443336;0.44002647144634166
616;2;32;17.817;18.0;25.58910010010009;5.058567000653455;0.4354359549409206
617;2;32;17.966;18.0;24.563407407407414;4.95614844485185;0.4334613817198165
618;2;31;17.42600000000001;17.0;24.412936936936948;4.9409449437265485;0.43202543584971065
619;2;34;17.594999999999995;17.0;26.33931431431433;5.132184166055845;0.43607821714006406
620;2;30;17.191000000000024;17.0;24.278797797797786;4.927352006686531;0.4326469594201416
621;2;32;17.476000000000013;17.0;26.724148148148156;5.169540419432675;0.43700722876774095
622;2;34;18.093000000000014;18.0;28.094445445445437;5.300419365054565;0.4412754329410744
623;2;31;17.788999999999984;18.0;24.943422422422437;4.994339037592706;0.43444694818575236
624;2;33;18.048000000000012;18.0;25.172868868868857;5.0172571061157365;0.43531288732744994
625;2;33;17.79599999999999;18.0;25.86625025025026;5.085887361144588;0.4365345505170232
626;2;34;17.845999999999986;18.0;26.829113113113124;5.1796827232093205;0.4384194950682853
627;2;32;17.878000000000014;18.0;26.445561561561576;5.142524823621328;0.43800609859375544
628;2;31;17.82999999999997;18.0;25.931031031031033;5.092252058866591;0.43611552072011195
629;2;32;17.963999999999995;18.0;25.88659059059061;5.087886652687009;0.43678012137084293
630;2;31;18.310000000000034;18.0;26.534434434434427;5.151158552639826;0.4377734229424122
631;2;35;17.508999999999983;17.0;27.45937837837836;5.240169689845774;0.44148924192689776
632;2;32;17.915000000000006;18.0;27.243018018018006;5.21948445902639;0.44061430083959613
633;2;31;17.437000000000005;17.0;25.0570880880881;5.0057055534747645;0.43429442640644333
634;2;31;17.67899999999999;18.0;27.313272272272247;5.226210125154962;0.4416660288398069
635;2;31;17.841;18.0;25.99771671671672;5.098795614330577;0.43539016263910063
636;2;32;17.343000000000014;17.0;25.68904004004007;5.0684356600473945;0.4335527209658009
637;2;32;18.165;18.0;27.883658658658643;5.280497955558609;0.44160547797232824
638;2;32;17.782000000000014;17.0;26.400876876876872;5.138178361722846;0.43796704608709297
639;2;32;17.521000000000004;17.0;27.428987987987984;5.237269134576529;0.44025124398769583
640;2;31;17.703999999999983;18.0;27.551935935935926;5.248993802238285;0.4420926007080023
641;2;35;17.887000000000008;18.0;28.610841841841854;5.348910341540775;0.4419620912369772
642;2;31;18.015999999999984;18.0;27.373117117117115;5.231932445771554;0.4402250667480649
643;2;31;17.903999999999996;18.0;27.171955955955944;5.212672630806192;0.4390645211929893
644;2;31;17.649000000000004;17.0;24.758557557557562;4.975797178096949;0.4337686601738548
645;2;31;17.655000000000005;17.0;26.250225225225257;5.123497362664029;0.43749823988450065
646;2;33;17.756000000000014;17.0;26.659123123123113;5.163247342818579;0.43898670095882847
647;2;34;17.696;17.0;26.94653053053053;5.191004770805988;0.4382872383255363
648;2;32;17.368999999999996;17.0;28.609448448448454;5.348780089744619;0.44253641459566173
649;2;31;17.574;17.0;27.872396396396375;5.279431446320368;0.4401482834025979
650;2;34;17.69000000000002;17.0;27.573473473473474;5.251044988711626;0.4412732102755586
651;2;31;17.21599999999996;17.0;26.391735735735736;5.13728875339276;0.4383258323451364
652;2;34;17.41599999999996;17.0;28.63958358358356;5.351596358432086;0.44366134169586957
653;2;34;17.54299999999998;17.0;28.302453453453445;5.320005023818441;0.44290247804370525
654;2;33;17.49799999999999;17.0;28.286282282282283;5.318484961178538;0.4427853846289119
655;2;31;17.500999999999987;17.0;30.068067067067062;5.4834356991823165;0.44408543054575755
656;2;34;17.70399999999997;17.0;28.562946946946955;5.3444313960370895;0.44181575946913804
657;2;34;17.49699999999997;17.0;26.256247247247234;5.124085015614713;0.43767051287810893
658;2;32;17.376000000000005;17.0;27.183807807807813;5.213809337500539;0.4401424345673402
659;2;33;17.568999999999992;17.0;27.78502402402401;5.271150161399693;0.43921545367226467
660;2;34;17.51500000000002;17.0;25.501276276276283;5.049878837781782;0.4346715117850625
661;2;31;17.368;17.0;25.64221821821823;5.0638145916115676;0.4361380927574932
662;2;34;17.72599999999999;17.0;27.17009409409409;5.212494037799381;0.4391812731985185
663;2;32;17.09200000000001;16.0;27.705241241241232;5.263576848611715;0.43980959988422813
664;2;32;17.309999999999985;17.0;25.681581581581582;5.067699831440452;0.43405729923327585
665;2;31;18.080999999999996;18.0;26.669108108108123;5.164214181083906;0.4387794125280923
666;2;31;17.659;17.0;26.299018018018028;5.128256820598792;0.43830499913749077
667;2;33;17.84499999999998;18.0;29.37835335335335;5.420180195653402;0.44479322355941475
668;2;31;17.288;17.0;28.809865865865866;5.367482265072319;0.44237233185248725
669;2;31;17.512999999999998;17.0;33.20303403403402;5.7622073924871895;0.45202944617973423
670;2;32;17.70100000000001;18.0;31.753352352352366;5.635011300108666;0.4511640815735655
671;2;35;17.536;17.0;29.508212212212204;5.4321461884058495;0.4452411145919535
672;2;32;17.209;17.0;28.11943843843844;5.302776483922214;0.4427872869343052
673;2;31;17.42999999999999;17.0;28.99209209209209;5.384430526257358;0.4433011919128239
674;2;32;17.62800000000001;17.0;28.53214814814814;5.341549227344829;0.44287558172651936
675;2;33;17.596;17.0;29.638422422422437;5.444118149197576;0.4451122444710172
676;2;36;17.95600000000004;18.0;27.247311311311325;5.219895718432632;0.4404323528001969
677;2;33;18.092;18.0;27.424960960960966;5.236884661796646;0.44119282652452146
678;2;32;18.158000000000005;18.0;29.908944944944924;5.468907106995411;0.447695096857138
679;2;32;17.782000000000004;18.0;29.34381981981982;5.416993614526403;0.4456872386156203
680;2;35;17.294999999999995;17.0;26.112087087087087;5.10999873650543;0.4375620183447236
681;2;33;18.016;18.0;27.104848848848818;5.20623173215031;0.4383928786367019
682;2;32;17.945999999999984;18.0;26.35944344344345;5.134144859997958;0.43793306290707823
683;2;31;17.807000000000016;18.0;28.294045045045053;5.319214701912779;0.44191959944300163
684;2;32;17.860999999999986;18.0;27.357036036036064;5.2303953995884545;0.43908207035381264
685;2;31;18.045000000000005;18.0;25.682657657657643;5.067806000396783;0.4358080877487342
686;2;35;17.620999999999974;17.0;26.549908908908915;5.1526603719737745;0.4384356387645879
687;2;33;17.44300000000001;17.0;26.939690690690703;5.1903459124311455;0.4384110406488377
688;0;33;17.596000000000018;17.0;27.374158158158142;5.23203193397729;0.43966087911296337
